Lat=55.48703  Lon=7.838745  Hub-Height=100  Timezone=02.0   ASL-Height(avg. 3km-grid)=0  (file requested on 2024-06-17 12:55:46)
VORTEX (www.vortexfdc.com) - Computed at 3km resolution based on ERA5 data (designed for correlation purposes)
 
YYYYMMDD HHMM  M(m/s) D(deg)  T(C)  De(k/m3) PRE(hPa)      RiNumber  RH(%)   RMOL(1/m)
20231209 0200   11.2    138    1.5    1.26     996.0          -1.69   98.5     -0.0117
20231209 0300   11.4    142    1.8    1.26     995.7          -1.04   99.3     -0.0106
20231209 0400   11.6    146    2.2    1.26     995.4          -0.60   99.5     -0.0094
20231209 0500   11.6    148    2.6    1.26     995.0          -0.34   99.6     -0.0082
20231209 0600   11.5    150    3.2    1.25     994.2          -0.04   99.9     -0.0067
20231209 0700   11.2    153    4.1    1.25     993.5           0.22   99.9     -0.0050
20231209 0800   11.0    159    5.2    1.24     993.1           0.28   99.9     -0.0031
20231209 0900   10.8    171    6.2    1.24     992.7           0.26   99.3     -0.0002
20231209 1000   11.0    180    6.6    1.24     992.5           0.22   98.5      0.0027
20231209 1100   11.5    181    6.5    1.24     992.0           0.21   98.6      0.0028
20231209 1200   12.0    177    6.3    1.24     991.6           0.19   99.2      0.0017
20231209 1300   12.3    172    6.0    1.24     991.0           0.17   99.5      0.0007
20231209 1400   12.6    164    5.5    1.24     990.1           0.14   99.5     -0.0007
20231209 1500   13.0    157    5.1    1.24     989.1           0.13   99.1     -0.0017
20231209 1600   13.3    149    4.6    1.24     987.9           0.10   98.9     -0.0025
20231209 1700   13.9    143    4.3    1.24     986.8           0.07   98.8     -0.0028
20231209 1800   14.3    137    4.0    1.24     985.8           0.03   99.2     -0.0030
20231209 1900   14.9    132    3.6    1.24     984.8          -0.02   99.5     -0.0032
20231209 2000   15.4    127    3.3    1.24     983.6          -0.06   99.4     -0.0033
20231209 2100   15.7    122    3.1    1.24     982.5          -0.07   98.9     -0.0034
20231209 2200   15.6    118    3.0    1.24     981.7          -0.07   98.8     -0.0035
20231209 2300   15.6    115    3.1    1.24     981.1          -0.05   98.7     -0.0036
20231210 0000   15.5    111    3.1    1.24     980.7          -0.03   98.4     -0.0035
20231210 0100   15.9    108    3.3    1.24     980.6          -0.01   98.0     -0.0032
20231210 0200   16.3    109    3.4    1.24     980.1          -0.02   97.4     -0.0024
20231210 0300   16.5    111    3.4    1.23     979.8          -0.05   97.3     -0.0024
20231210 0400   16.2    113    3.3    1.24     980.0          -0.09   97.3     -0.0026
20231210 0500   15.5    115    3.2    1.24     980.2          -0.14   97.8     -0.0028
20231210 0600   14.4    116    3.1    1.24     980.3          -0.17   99.0     -0.0032
20231210 0700   13.3    114    3.1    1.24     980.5          -0.22   99.5     -0.0036
20231210 0800   12.4    112    3.3    1.24     981.4          -0.09   99.5     -0.0042
20231210 0900   11.4    110    3.3    1.24     982.3          -0.01   99.5     -0.0049
20231210 1000   10.9    108    3.4    1.24     983.4           0.06   99.5     -0.0055
20231210 1100   10.7    106    3.4    1.24     984.2           0.10   99.5     -0.0061
20231210 1200   10.2    107    3.4    1.24     984.9           0.04   99.6     -0.0074
20231210 1300    9.1    112    3.7    1.24     985.5           0.14   99.4     -0.0093
20231210 1400    9.3    114    4.0    1.24     985.8           0.25   98.6     -0.0086
20231210 1500   10.3    114    4.2    1.24     985.6           0.28   98.9     -0.0064
20231210 1600   10.6    117    4.2    1.24     985.6           0.25   99.8     -0.0057
20231210 1700   10.8    122    4.3    1.24     985.5           0.23  100.0     -0.0051
20231210 1800   10.3    130    4.3    1.24     985.1           0.23  100.0     -0.0046
20231210 1900    9.6    146    4.5    1.24     984.7           0.34  100.0     -0.0040
20231210 2000    7.1    189    6.1    1.23     984.2           0.26   96.4     -0.0011
20231210 2100    7.1    220    7.1    1.22     983.6           0.23   85.3      0.0205
20231210 2200    6.3    208    7.0    1.22     983.0           0.26   85.5      0.0195
20231210 2300    6.2    202    7.0    1.22     982.4           0.30   88.7      0.0122
20231211 0000    6.1    212    7.1    1.22     981.8           0.24   90.1      0.0147
20231211 0100    5.0    212    7.1    1.22     981.7           0.38   88.3      0.0284
20231211 0200    5.2    192    7.0    1.22     981.3           0.67   85.5      0.0165
20231211 0300    7.0    181    6.6    1.22     981.3           1.10   87.4      0.0075
20231211 0400    7.5    173    6.1    1.22     981.1           0.44   91.7      0.0015
20231211 0500    7.5    165    5.7    1.23     980.6           0.45   95.2     -0.0017
20231211 0600    7.3    158    5.5    1.23     980.4           0.48   97.3     -0.0050
20231211 0700    6.9    146    5.1    1.23     980.3           0.42   98.9     -0.0083
20231211 0800    6.8    131    4.9    1.23     980.5           0.55   99.5     -0.0109
20231211 0900    6.8    121    5.0    1.23     980.6           0.64   99.7     -0.0124
20231211 1000    6.7    115    5.0    1.23     981.3           1.06   99.4     -0.0142
20231211 1100    6.8     95    4.5    1.23     981.7           0.39  100.0     -0.0192
20231211 1200    7.0     90    4.6    1.23     982.5           0.51  100.0     -0.0234
20231211 1300    7.2     77    4.5    1.23     983.5           0.41  100.0     -0.0268
20231211 1400    7.2     63    4.5    1.24     984.0           0.41   99.7     -0.0236
20231211 1500    7.3     49    4.3    1.24     984.8           0.38   98.7     -0.0186
20231211 1600    7.3     39    4.1    1.24     986.0           0.20   98.9     -0.0146
20231211 1700    7.3     39    3.8    1.24     987.0          -0.36   99.1     -0.0160
20231211 1800    7.5     42    3.4    1.24     987.7          -0.19   98.6     -0.0172
20231211 1900    7.9     43    3.0    1.25     988.7          -1.35   98.2     -0.0141
20231211 2000    7.7     45    2.7    1.25     989.7          -1.39   97.4     -0.0178
20231211 2100    6.8     47    2.6    1.25     991.0          -1.91   96.4     -0.0245
20231211 2200    6.3     49    2.5    1.25     991.7          -2.84   95.7     -0.0288
20231211 2300    6.4     50    2.5    1.25     992.4          -4.13   94.9     -0.0265
